mass_A
t	x	y
0,000000000E0	-5,849043750E-1	3,542969153E-1
1,000000000E-2	-5,858255074E-1	3,553979772E-1
2,000000000E-2	-5,862742810E-1	3,556708478E-1
3,000000000E-2	-5,863241071E-1	3,556221903E-1
4,000000000E-2	-5,861861198E-1	3,544397498E-1
5,000000000E-2	-5,856488047E-1	3,529703346E-1
6,000000000E-2	-5,849309036E-1	3,512971384E-1
7,000000000E-2	-5,836065328E-1	3,485732325E-1
8,000000000E-2	-5,821309697E-1	3,455853304E-1
9,000000000E-2	-5,803571879E-1	3,416034991E-1
1,000000000E-1	-5,779205693E-1	3,373334620E-1
1,100000000E-1	-5,752156801E-1	3,323016089E-1
1,200000000E-1	-5,723658284E-1	3,271995982E-1
1,300000000E-1	-5,693094146E-1	3,214860215E-1
1,400000000E-1	-5,652240136E-1	3,148443120E-1
1,500000000E-1	-5,609827699E-1	3,079749262E-1
1,600000000E-1	-5,565951372E-1	3,005965833E-1
1,700000000E-1	-5,513526968E-1	2,925503020E-1
1,800000000E-1	-5,457962429E-1	2,838491245E-1
1,900000000E-1	-5,398540786E-1	2,760700672E-1
2,000000000E-1	-5,340517485E-1	2,665522579E-1
2,100000000E-1	-5,271419120E-1	2,567712235E-1
2,200000000E-1	-5,198079499E-1	2,467182942E-1
2,300000000E-1	-5,115768662E-1	2,360657284E-1
2,400000000E-1	-5,029023880E-1	2,250491521E-1
2,500000000E-1	-4,938329254E-1	2,147482504E-1
2,600000000E-1	-4,845484654E-1	2,026275427E-1
2,700000000E-1	-4,744215080E-1	1,913545161E-1
2,800000000E-1	-4,631848067E-1	1,795315801E-1
2,900000000E-1	-4,514076677E-1	1,679165328E-1
3,000000000E-1	-4,392224472E-1	1,565282914E-1
3,100000000E-1	-4,261016120E-1	1,450715376E-1
3,200000000E-1	-4,115766605E-1	1,332059971E-1
3,300000000E-1	-3,974168033E-1	1,226709111E-1
3,400000000E-1	-3,818714017E-1	1,117120352E-1
3,500000000E-1	-3,658532695E-1	1,010813856E-1
3,600000000E-1	-3,488953326E-1	9,126691708E-2
3,700000000E-1	-3,315835770E-1	8,193115573E-2
3,800000000E-1	-3,137441033E-1	7,303599131E-2
3,900000000E-1	-2,951261448E-1	6,478797027E-2
4,000000000E-1	-2,759292433E-1	5,649506262E-2
4,100000000E-1	-2,562863081E-1	4,920802319E-2
4,200000000E-1	-2,361562033E-1	4,219973630E-2
4,300000000E-1	-2,161140113E-1	3,611967992E-2
4,400000000E-1	-1,952730678E-1	3,090383601E-2
4,500000000E-1	-1,748095555E-1	2,527454082E-2
4,600000000E-1	-1,536504571E-1	2,082421431E-2
4,700000000E-1	-1,323962559E-1	1,790564495E-2
4,800000000E-1	-1,106426877E-1	1,528139953E-2
4,900000000E-1	-8,897191675E-2	1,264707197E-2
5,000000000E-1	-6,722569087E-2	9,965442918E-3
5,100000000E-1	-4,524734404E-2	8,382118413E-3
5,200000000E-1	-2,294804389E-2	7,094255966E-3
5,300000000E-1	-1,191435953E-3	7,626556399E-3
5,400000000E-1	2,011766010E-2	7,209309975E-3
5,500000000E-1	4,223404754E-2	7,788019623E-3
5,600000000E-1	6,362917125E-2	9,486079232E-3
5,700000000E-1	8,546628147E-2	1,124524739E-2
5,800000000E-1	1,070418562E-1	1,463423165E-2
5,900000000E-1	1,268789473E-1	1,778327244E-2
6,000000000E-1	1,468621981E-1	2,128186264E-2
6,100000000E-1	1,673751473E-1	2,565195153E-2
6,200000000E-1	1,871491550E-1	3,111379171E-2
6,300000000E-1	2,066787051E-1	3,693881230E-2
6,400000000E-1	2,257959665E-1	4,341619082E-2
6,500000000E-1	2,443020182E-1	5,068841108E-2
6,600000000E-1	2,623871079E-1	5,809288490E-2
6,700000000E-1	2,795780440E-1	6,586529958E-2
6,800000000E-1	2,970906429E-1	7,488501566E-2
6,900000000E-1	3,133259890E-1	8,314900331E-2
7,000000000E-1	3,290879766E-1	9,174810955E-2
7,100000000E-1	3,445809738E-1	1,010139449E-1
7,200000000E-1	3,596381107E-1	1,102933044E-1
7,300000000E-1	3,736303570E-1	1,198613306E-1
7,400000000E-1	3,868281403E-1	1,295120713E-1
7,500000000E-1	3,999825301E-1	1,402169572E-1
7,600000000E-1	4,121185048E-1	1,496954777E-1
7,700000000E-1	4,238675073E-1	1,593362440E-1
7,800000000E-1	4,346437009E-1	1,691943798E-1
7,900000000E-1	4,452272699E-1	1,789440143E-1
8,000000000E-1	4,551703001E-1	1,887356119E-1
8,100000000E-1	4,646969540E-1	1,986813327E-1
8,200000000E-1	4,727448128E-1	2,072153933E-1
8,300000000E-1	4,813197317E-1	2,158816158E-1
8,400000000E-1	4,893246398E-1	2,246680855E-1
8,500000000E-1	4,970112936E-1	2,332530696E-1
8,600000000E-1	5,040386594E-1	2,415674998E-1
8,700000000E-1	5,107408174E-1	2,496134148E-1
8,800000000E-1	5,166305667E-1	2,570271738E-1
8,900000000E-1	5,222379190E-1	2,641086208E-1
9,000000000E-1	5,274185197E-1	2,712339120E-1
9,100000000E-1	5,321938644E-1	2,778813902E-1
9,200000000E-1	5,366320100E-1	2,834865230E-1
9,300000000E-1	5,407768137E-1	2,891555672E-1
9,400000000E-1	5,446497551E-1	2,944974384E-1
9,500000000E-1	5,477378878E-1	2,991995968E-1
9,600000000E-1	5,506293441E-1	3,033384784E-1
9,700000000E-1	5,531670173E-1	3,071670887E-1
9,800000000E-1	5,551576318E-1	3,104086288E-1
9,900000000E-1	5,571037300E-1	3,129365376E-1
1,000000000E0	5,586982638E-1	3,148444419E-1
1,010000000E0	5,599398058E-1	3,162562187E-1
1,020000000E0	5,604802385E-1	3,175226862E-1
1,030000000E0	5,614390727E-1	3,176681049E-1
1,040000000E0	5,616925289E-1	3,176916808E-1
1,050000000E0	5,616177197E-1	3,174194268E-1
1,060000000E0	5,613037819E-1	3,161179096E-1
1,070000000E0	5,602709334E-1	3,146959904E-1
1,080000000E0	5,590700842E-1	3,123037204E-1
1,090000000E0	5,574996857E-1	3,093155034E-1
1,100000000E0	5,549631618E-1	3,062902886E-1
1,110000000E0	5,529928720E-1	3,020835173E-1
1,120000000E0	5,501664317E-1	2,979552245E-1
1,130000000E0	5,466433182E-1	2,935489278E-1
1,140000000E0	5,433365362E-1	2,879697505E-1
1,150000000E0	5,391613233E-1	2,824837777E-1
1,160000000E0	5,346377707E-1	2,765711590E-1
1,170000000E0	5,294702952E-1	2,704969526E-1
1,180000000E0	5,247687197E-1	2,627721581E-1
1,190000000E0	5,191354369E-1	2,554312749E-1
1,200000000E0	5,126153884E-1	2,482238147E-1
1,210000000E0	5,062946601E-1	2,399346569E-1
1,220000000E0	4,993793244E-1	2,314478623E-1
1,230000000E0	4,913880484E-1	2,229227663E-1
1,240000000E0	4,832140508E-1	2,138754650E-1
1,250000000E0	4,743843460E-1	2,045576397E-1
1,260000000E0	4,654016963E-1	1,959148477E-1
1,270000000E0	4,557942500E-1	1,861463868E-1
1,280000000E0	4,454744746E-1	1,763638188E-1
1,290000000E0	4,346691853E-1	1,666745175E-1
1,300000000E0	4,231866275E-1	1,567341946E-1
1,310000000E0	4,109169648E-1	1,481254554E-1
1,320000000E0	3,989724413E-1	1,381751424E-1
1,330000000E0	3,854161058E-1	1,276725099E-1
1,340000000E0	3,714536770E-1	1,184497219E-1
1,350000000E0	3,573105087E-1	1,092259748E-1
1,360000000E0	3,422958093E-1	9,979800024E-2
1,370000000E0	3,270419320E-1	9,082403713E-2
1,380000000E0	3,107430206E-1	8,265057803E-2
1,390000000E0	2,947280610E-1	7,455519120E-2
1,400000000E0	2,776820298E-1	6,609073916E-2
1,410000000E0	2,597569561E-1	5,884274040E-2
1,420000000E0	2,421926603E-1	5,171422000E-2
1,430000000E0	2,241775235E-1	4,499700654E-2
1,440000000E0	2,055828551E-1	3,828400308E-2
1,450000000E0	1,863537288E-1	3,288496432E-2
1,460000000E0	1,671136306E-1	2,777693575E-2
1,470000000E0	1,474130792E-1	2,320374808E-2
1,480000000E0	1,271388672E-1	1,950344931E-2
1,490000000E0	1,074850711E-1	1,654573406E-2
1,500000000E0	8,720453208E-2	1,306930728E-2
1,510000000E0	6,596047219E-2	1,079294583E-2
1,520000000E0	4,538053706E-2	9,431288157E-3
1,530000000E0	2,500211146E-2	8,318297229E-3
1,540000000E0	4,040383125E-3	8,102847645E-3
1,550000000E0	-1,687972952E-2	7,881641709E-3
1,560000000E0	-3,739297433E-2	8,372780794E-3
1,570000000E0	-5,818228625E-2	9,440351920E-3
1,580000000E0	-7,913270142E-2	1,107746967E-2
1,590000000E0	-9,956994887E-2	1,422489634E-2
1,600000000E0	-1,189480972E-1	1,545105768E-2
1,610000000E0	-1,403819122E-1	1,805132977E-2
1,620000000E0	-1,600968118E-1	2,160821243E-2
1,630000000E0	-1,797882681E-1	2,546006903E-2
1,640000000E0	-1,993972325E-1	2,980232579E-2
1,650000000E0	-2,188337591E-1	3,503661697E-2
1,660000000E0	-2,374475626E-1	4,080206183E-2
1,670000000E0	-2,558666705E-1	4,659981098E-2
1,680000000E0	-2,741631230E-1	5,342205139E-2
1,690000000E0	-2,910753734E-1	6,189783322E-2
1,700000000E0	-3,081685679E-1	6,860489351E-2
1,710000000E0	-3,249385881E-1	7,637144692E-2
1,720000000E0	-3,407978771E-1	8,465241208E-2
1,730000000E0	-3,561163239E-1	9,326900303E-2
1,740000000E0	-3,706690968E-1	1,024966479E-1
1,750000000E0	-3,846925639E-1	1,115896991E-1
1,760000000E0	-3,980580110E-1	1,212056839E-1
1,770000000E0	-4,096915849E-1	1,302278765E-1
1,780000000E0	-4,214571042E-1	1,395488364E-1
1,790000000E0	-4,326860678E-1	1,494373270E-1
1,800000000E0	-4,434696510E-1	1,594526648E-1
1,810000000E0	-4,534118347E-1	1,692211076E-1
1,820000000E0	-4,628435516E-1	1,788157425E-1
1,830000000E0	-4,713045141E-1	1,880200409E-1
1,840000000E0	-4,798243235E-1	1,974691333E-1
1,850000000E0	-4,874836955E-1	2,068855518E-1
1,860000000E0	-4,944419446E-1	2,154816485E-1
1,870000000E0	-5,008604264E-1	2,230909658E-1
1,880000000E0	-5,071228158E-1	2,313673635E-1
1,890000000E0	-5,125561907E-1	2,387769692E-1
1,900000000E0	-5,175383581E-1	2,456217649E-1
1,910000000E0	-5,226863502E-1	2,525796596E-1
1,920000000E0	-5,269055054E-1	2,588886301E-1
1,930000000E0	-5,311494898E-1	2,646626015E-1
1,940000000E0	-5,342202167E-1	2,699835669E-1
1,950000000E0	-5,372833240E-1	2,750367930E-1
1,960000000E0	-5,400264480E-1	2,789692127E-1
1,970000000E0	-5,425225842E-1	2,824613104E-1
1,980000000E0	-5,441978678E-1	2,852842540E-1
1,990000000E0	-5,462121461E-1	2,884212937E-1
2,000000000E0	-5,481096797E-1	2,906348165E-1
2,010000000E0	-5,489489378E-1	2,922993189E-1
2,020000000E0	-5,497755166E-1	2,934303954E-1
2,030000000E0	-5,498453052E-1	2,936757646E-1
2,040000000E0	-5,497871547E-1	2,936857588E-1
2,050000000E0	-5,496521255E-1	2,935389242E-1
2,060000000E0	-5,488658697E-1	2,923205492E-1
2,070000000E0	-5,480911584E-1	2,908045192E-1
2,080000000E0	-5,468670531E-1	2,889701346E-1
2,090000000E0	-5,452759388E-1	2,864689009E-1
2,100000000E0	-5,432769759E-1	2,835219349E-1
2,110000000E0	-5,408483562E-1	2,796085851E-1
2,120000000E0	-5,381719165E-1	2,754390417E-1
2,130000000E0	-5,353666107E-1	2,709919297E-1
2,140000000E0	-5,315930776E-1	2,653451512E-1
2,150000000E0	-5,276670115E-1	2,596195784E-1
2,160000000E0	-5,232500447E-1	2,534011948E-1
2,170000000E0	-5,184806887E-1	2,469269556E-1
2,180000000E0	-5,131143347E-1	2,398592118E-1
2,190000000E0	-5,075047524E-1	2,325512543E-1
2,200000000E0	-5,015091623E-1	2,244446624E-1
2,210000000E0	-4,951591487E-1	2,161712367E-1
2,220000000E0	-4,876336866E-1	2,075463542E-1
2,230000000E0	-4,804351976E-1	1,985677755E-1
2,240000000E0	-4,721485989E-1	1,891560258E-1
2,250000000E0	-4,635322720E-1	1,800543223E-1
2,260000000E0	-4,545630586E-1	1,705192552E-1
2,270000000E0	-4,447967701E-1	1,607706415E-1
2,280000000E0	-4,340103800E-1	1,508339530E-1
2,290000000E0	-4,226859921E-1	1,408614244E-1
2,300000000E0	-4,107666449E-1	1,311782817E-1
2,310000000E0	-3,986676424E-1	1,217385559E-1
2,320000000E0	-3,857433888E-1	1,122193996E-1
2,330000000E0	-3,718184231E-1	1,029578717E-1
2,340000000E0	-3,575049060E-1	9,428916076E-2
2,350000000E0	-3,424413170E-1	8,578652416E-2
2,360000000E0	-3,265754899E-1	7,742645461E-2
2,370000000E0	-3,099395575E-1	6,922617987E-2
2,380000000E0	-2,934989744E-1	6,323929154E-2
2,390000000E0	-2,768284376E-1	5,504916850E-2
2,400000000E0	-2,588227004E-1	4,814342046E-2
2,410000000E0	-2,405947635E-1	4,205917870E-2
2,420000000E0	-2,222077310E-1	3,651417520E-2
2,430000000E0	-2,035654389E-1	3,116256266E-2
2,440000000E0	-1,845003130E-1	2,652455015E-2
2,450000000E0	-1,651339354E-1	2,241182758E-2
2,460000000E0	-1,458715001E-1	1,896124091E-2
2,470000000E0	-1,261123128E-1	1,580245697E-2
2,480000000E0	-1,062108950E-1	1,402700445E-2
2,490000000E0	-8,635521700E-2	1,147370191E-2
2,500000000E0	-6,646451412E-2	9,631984887E-3
2,510000000E0	-4,630602787E-2	8,330091408E-3
2,520000000E0	-2,615542129E-2	7,665720005E-3
2,530000000E0	-6,009133477E-3	8,045341361E-3
2,540000000E0	1,366621817E-2	8,041118664E-3
2,550000000E0	3,366802487E-2	8,325058880E-3
2,560000000E0	5,339741087E-2	9,575452716E-3
2,570000000E0	7,310318294E-2	1,109333336E-2
2,580000000E0	9,308361406E-2	1,391399496E-2
2,590000000E0	1,124725395E-1	1,698053512E-2
2,600000000E0	1,312424387E-1	1,965435543E-2
2,610000000E0	1,503497144E-1	2,358456982E-2
2,620000000E0	1,690895524E-1	2,783032183E-2
2,630000000E0	1,872873798E-1	3,248193821E-2
2,640000000E0	2,054623874E-1	3,763034109E-2
2,650000000E0	2,229631188E-1	4,351675430E-2
2,660000000E0	2,402111812E-1	4,970343380E-2
2,670000000E0	2,567086029E-1	5,614606698E-2
2,680000000E0	2,728701953E-1	6,320408626E-2
2,690000000E0	2,886335733E-1	7,028529405E-2
2,700000000E0	3,037413188E-1	7,831575877E-2
2,710000000E0	3,186291092E-1	8,576275684E-2
2,720000000E0	3,331890457E-1	9,327078145E-2
2,730000000E0	3,470476536E-1	1,014414705E-1
2,740000000E0	3,600370577E-1	1,097804161E-1
2,750000000E0	3,727291522E-1	1,181425283E-1
2,760000000E0	3,854596613E-1	1,261860394E-1
2,770000000E0	3,970687375E-1	1,352543196E-1
2,780000000E0	4,079509806E-1	1,439858430E-1
2,790000000E0	4,190718991E-1	1,513489976E-1
2,800000000E0	4,290067632E-1	1,594829594E-1
2,810000000E0	4,386082176E-1	1,674910502E-1
2,820000000E0	4,484765280E-1	1,751950268E-1
2,830000000E0	4,570492917E-1	1,833633471E-1
2,840000000E0	4,655726699E-1	1,910616939E-1
2,850000000E0	4,728370450E-1	1,988647921E-1
2,860000000E0	4,801910975E-1	2,051882957E-1
2,870000000E0	4,854359731E-1	2,132205488E-1
2,880000000E0	4,924647595E-1	2,191829372E-1
2,890000000E0	4,982343197E-1	2,249201100E-1
2,900000000E0	5,027554009E-1	2,313931955E-1
2,910000000E0	5,075989411E-1	2,365843627E-1
2,920000000E0	5,123024246E-1	2,418733876E-1
2,930000000E0	5,156944239E-1	2,472140495E-1
2,940000000E0	5,191974691E-1	2,512245004E-1
2,950000000E0	5,222188226E-1	2,554662751E-1
2,960000000E0	5,248226295E-1	2,591149326E-1
2,970000000E0	5,274291463E-1	2,622521407E-1
2,980000000E0	5,292829952E-1	2,652964651E-1
2,990000000E0	5,305825412E-1	2,679492769E-1
3,000000000E0	5,320247522E-1	2,695417733E-1
3,010000000E0	5,325107157E-1	2,711561993E-1
3,020000000E0	5,335393421E-1	2,714576435E-1
3,030000000E0	5,334234982E-1	2,721656078E-1
3,040000000E0	5,334087709E-1	2,721929566E-1
3,050000000E0	5,333788576E-1	2,710975257E-1
3,060000000E0	5,320694487E-1	2,707439620E-1
3,070000000E0	5,307713514E-1	2,694211596E-1
3,080000000E0	5,293886233E-1	2,667804375E-1
3,090000000E0	5,277834020E-1	2,638714251E-1
3,100000000E0	5,251139060E-1	2,610503863E-1
3,110000000E0	5,221893134E-1	2,578863576E-1
3,120000000E0	5,193618307E-1	2,539575198E-1
3,130000000E0	5,157540708E-1	2,499007128E-1
3,140000000E0	5,122991795E-1	2,444198478E-1
3,150000000E0	5,077490481E-1	2,393245543E-1
3,160000000E0	5,030700545E-1	2,343386557E-1
3,170000000E0	4,980555072E-1	2,282798785E-1
3,180000000E0	4,926820486E-1	2,218679153E-1
3,190000000E0	4,864139549E-1	2,157078135E-1
3,200000000E0	4,801007300E-1	2,088167285E-1
3,210000000E0	4,728769137E-1	2,014144369E-1
3,220000000E0	4,658646719E-1	1,939274139E-1
3,230000000E0	4,577455281E-1	1,861896469E-1
3,240000000E0	4,499171741E-1	1,779274522E-1
3,250000000E0	4,405224583E-1	1,704856160E-1
3,260000000E0	4,313945873E-1	1,619732705E-1
3,270000000E0	4,218537037E-1	1,537273080E-1
3,280000000E0	4,113683301E-1	1,467754819E-1
3,290000000E0	4,007771976E-1	1,375895491E-1
3,300000000E0	3,892860634E-1	1,281574142E-1
3,310000000E0	3,775497253E-1	1,197575293E-1
3,320000000E0	3,652340758E-1	1,113037587E-1
3,330000000E0	3,523832962E-1	1,031208386E-1
3,340000000E0	3,387712069E-1	9,518003990E-2
3,350000000E0	3,247971292E-1	8,754754084E-2
3,360000000E0	3,104256911E-1	7,980393709E-2
3,370000000E0	2,953607155E-1	7,329648959E-2
3,380000000E0	2,804181103E-1	6,460874577E-2
3,390000000E0	2,647214594E-1	5,784596524E-2
3,400000000E0	2,485467327E-1	5,165062851E-2
3,410000000E0	2,326067422E-1	4,532261443E-2
3,420000000E0	2,156872991E-1	3,949924609E-2
3,430000000E0	1,981254141E-1	3,428517885E-2
3,440000000E0	1,801287813E-1	2,941637491E-2
3,450000000E0	1,621534625E-1	2,516312159E-2
3,460000000E0	1,437968565E-1	2,114491326E-2
3,470000000E0	1,250177377E-1	1,795171278E-2
3,480000000E0	1,069593752E-1	1,546506901E-2
3,490000000E0	8,771856414E-2	1,256136169E-2
3,500000000E0	6,838036642E-2	1,060244012E-2
3,510000000E0	4,929795475E-2	9,485478877E-3
3,520000000E0	3,034657539E-2	8,522441206E-3
3,530000000E0	1,109800246E-2	8,455950526E-3
3,540000000E0	-7,559481528E-3	8,218075497E-3
3,550000000E0	-2,704334567E-2	8,390890920E-3
3,560000000E0	-4,598374513E-2	9,482534257E-3
3,570000000E0	-6,512357009E-2	1,083317042E-2
3,580000000E0	-8,446022539E-2	1,261459261E-2
3,590000000E0	-1,030055008E-1	1,537292707E-2
3,600000000E0	-1,214769046E-1	1,680337326E-2
3,610000000E0	-1,403746536E-1	1,964301558E-2
3,620000000E0	-1,584660802E-1	2,280369128E-2
3,630000000E0	-1,766070395E-1	2,674801638E-2
3,640000000E0	-1,938522196E-1	3,102089681E-2
3,650000000E0	-2,118095993E-1	3,556059296E-2
3,660000000E0	-2,287451947E-1	4,075634266E-2
3,670000000E0	-2,450058490E-1	4,629803216E-2
3,680000000E0	-2,614788832E-1	5,199379061E-2
3,690000000E0	-2,774130258E-1	5,798309449E-2
3,700000000E0	-2,925338330E-1	6,470412177E-2
3,710000000E0	-3,075909096E-1	7,163775592E-2
3,720000000E0	-3,222537252E-1	7,869835457E-2
3,730000000E0	-3,363902839E-1	8,592913886E-2
3,740000000E0	-3,498954201E-1	9,335475130E-2
3,750000000E0	-3,629584654E-1	1,013478747E-1
3,760000000E0	-3,752576855E-1	1,090798397E-1
3,770000000E0	-3,871743844E-1	1,170671582E-1
3,780000000E0	-3,985266620E-1	1,253657586E-1
3,790000000E0	-4,085351121E-1	1,327728493E-1
3,800000000E0	-4,191164499E-1	1,411010469E-1
3,810000000E0	-4,289128562E-1	1,493476126E-1
3,820000000E0	-4,379472665E-1	1,569141470E-1
3,830000000E0	-4,464843169E-1	1,648661336E-1
3,840000000E0	-4,544257613E-1	1,723016036E-1
3,850000000E0	-4,618567141E-1	1,794342161E-1
3,860000000E0	-4,688204918E-1	1,863893926E-1
3,870000000E0	-4,750837788E-1	1,931517764E-1
3,880000000E0	-4,805918674E-1	1,995177873E-1
3,890000000E0	-4,857055121E-1	2,059295318E-1
3,900000000E0	-4,899222630E-1	2,118636741E-1
3,910000000E0	-4,944905823E-1	2,162678429E-1
3,920000000E0	-4,986340196E-1	2,210742091E-1
3,930000000E0	-5,021272109E-1	2,252031655E-1
3,940000000E0	-5,050134533E-1	2,296828410E-1
3,950000000E0	-5,073135979E-1	2,333743398E-1
3,960000000E0	-5,098426860E-1	2,369840584E-1
3,970000000E0	-5,116480627E-1	2,397488714E-1
3,980000000E0	-5,131559949E-1	2,420431575E-1
3,990000000E0	-5,142781393E-1	2,441019142E-1
4,000000000E0	-5,153078895E-1	2,456063412E-1
4,010000000E0	-5,158055669E-1	2,467260334E-1
4,020000000E0	-5,158074233E-1	2,469664035E-1
4,030000000E0	-5,157156925E-1	2,469948030E-1
4,040000000E0	-5,155010661E-1	2,468721727E-1
4,050000000E0	-5,143340576E-1	2,455897211E-1
4,060000000E0	-5,129953607E-1	2,441748100E-1
4,070000000E0	-5,115034380E-1	2,425628992E-1
4,080000000E0	-5,094538914E-1	2,400051276E-1
4,090000000E0	-5,072554682E-1	2,370789475E-1
4,100000000E0	-5,046162578E-1	2,339799603E-1
4,110000000E0	-5,015721633E-1	2,300625511E-1
4,120000000E0	-4,978091679E-1	2,257402435E-1
4,130000000E0	-4,943013320E-1	2,214612212E-1
4,140000000E0	-4,901428754E-1	2,162858147E-1
4,150000000E0	-4,862076377E-1	2,114817288E-1
4,160000000E0	-4,809793883E-1	2,046288806E-1
4,170000000E0	-4,759032000E-1	1,985800223E-1
4,180000000E0	-4,702542140E-1	1,918291089E-1
4,190000000E0	-4,636765604E-1	1,847128450E-1
4,200000000E0	-4,571633059E-1	1,777430565E-1
4,210000000E0	-4,503303116E-1	1,703481673E-1
4,220000000E0	-4,423208809E-1	1,623322107E-1
4,230000000E0	-4,338168534E-1	1,544016187E-1
4,240000000E0	-4,251624132E-1	1,462804050E-1
4,250000000E0	-4,154805167E-1	1,381067749E-1
4,260000000E0	-4,055139511E-1	1,299779496E-1
4,270000000E0	-3,955417976E-1	1,221027930E-1
4,280000000E0	-3,841727617E-1	1,139446015E-1
4,290000000E0	-3,719954111E-1	1,055312926E-1
4,300000000E0	-3,595897578E-1	9,735907046E-2
4,310000000E0	-3,466103670E-1	8,980021098E-2
4,320000000E0	-3,333254341E-1	8,209242678E-2
4,330000000E0	-3,193198808E-1	7,468424893E-2
4,340000000E0	-3,041961727E-1	6,741507256E-2
4,350000000E0	-2,897955641E-1	6,144052190E-2
4,360000000E0	-2,746186352E-1	5,479876223E-2
4,370000000E0	-2,589092145E-1	4,894061350E-2
4,380000000E0	-2,430585940E-1	4,335448921E-2
4,390000000E0	-2,263533087E-1	3,824130055E-2
4,400000000E0	-2,095422499E-1	3,373210536E-2
4,410000000E0	-1,920406230E-1	2,948291589E-2
4,420000000E0	-1,749758526E-1	2,543727682E-2
4,430000000E0	-1,572952382E-1	2,242404736E-2
4,440000000E0	-1,398632820E-1	1,935713059E-2
4,450000000E0	-1,211261847E-1	1,686208575E-2
4,460000000E0	-1,035307027E-1	1,553077738E-2
4,470000000E0	-8,574164261E-2	1,377826678E-2
4,480000000E0	-6,783251244E-2	1,236649066E-2
4,490000000E0	-4,937063671E-2	1,119069071E-2
4,500000000E0	-3,133096727E-2	1,101715877E-2
4,510000000E0	-1,350682740E-2	1,105448414E-2
4,520000000E0	4,063578765E-3	1,107313641E-2
4,530000000E0	2,170637963E-2	1,066637153E-2
4,540000000E0	3,945697518E-2	1,109432946E-2
4,550000000E0	5,752564574E-2	1,160017505E-2
4,560000000E0	7,566410335E-2	1,280951847E-2
4,570000000E0	9,403665228E-2	1,541739516E-2
4,580000000E0	1,113084753E-1	1,777407545E-2
4,590000000E0	1,286360198E-1	1,972556486E-2
4,600000000E0	1,464168468E-1	2,275555343E-2
4,610000000E0	1,635119017E-1	2,649266584E-2
4,620000000E0	1,802457610E-1	3,037288343E-2
4,630000000E0	1,964003132E-1	3,461166674E-2
4,640000000E0	2,124998468E-1	3,949344522E-2
4,650000000E0	2,276672359E-1	4,498166977E-2
4,660000000E0	2,423740501E-1	5,021938640E-2
4,670000000E0	2,567809809E-1	5,625896182E-2
4,680000000E0	2,712048615E-1	6,251522081E-2
4,690000000E0	2,849356878E-1	6,879929762E-2
4,700000000E0	2,981529597E-1	7,598790883E-2
4,710000000E0	3,107296383E-1	8,263906910E-2
4,720000000E0	3,233186570E-1	8,957974623E-2
4,730000000E0	3,356182262E-1	9,691842618E-2
4,740000000E0	3,470935158E-1	1,041264428E-1
4,750000000E0	3,580266372E-1	1,111085335E-1
4,760000000E0	3,684718253E-1	1,182497171E-1
4,770000000E0	3,785761264E-1	1,255049317E-1
4,780000000E0	3,884900207E-1	1,326650213E-1
4,790000000E0	3,980863228E-1	1,407026919E-1
4,800000000E0	4,062616454E-1	1,486683586E-1
4,810000000E0	4,144056840E-1	1,536350937E-1
4,820000000E0	4,217917287E-1	1,599309833E-1
4,830000000E0	4,291308405E-1	1,662079638E-1
4,840000000E0	4,361009014E-1	1,720852403E-1
4,850000000E0	4,430311254E-1	1,776809482E-1
4,860000000E0	4,491310731E-1	1,833504730E-1
4,870000000E0	4,550880119E-1	1,887566497E-1
4,880000000E0	4,603915718E-1	1,936904407E-1
4,890000000E0	4,656023005E-1	1,986984150E-1
4,900000000E0	4,701220846E-1	2,028987945E-1
4,910000000E0	4,740970937E-1	2,067651337E-1
4,920000000E0	4,784036668E-1	2,113617330E-1
4,930000000E0	4,820864102E-1	2,144320165E-1
4,940000000E0	4,854887031E-1	2,174827894E-1
4,950000000E0	4,882990281E-1	2,202014347E-1
4,960000000E0	4,907325813E-1	2,226402258E-1
4,970000000E0	4,927564612E-1	2,244648634E-1
4,980000000E0	4,943187885E-1	2,258822601E-1
4,990000000E0	4,954264326E-1	2,271206553E-1
5,000000000E0	4,967064686E-1	2,274778165E-1
5,010000000E0	4,966944411E-1	2,282095083E-1
5,020000000E0	4,967066651E-1	2,283161621E-1
5,030000000E0	4,967345804E-1	2,275236440E-1
5,040000000E0	4,954111223E-1	2,269541195E-1
5,050000000E0	4,940609132E-1	2,255878038E-1
5,060000000E0	4,927437942E-1	2,235750725E-1
5,070000000E0	4,899681769E-1	2,215310019E-1
5,080000000E0	4,877086142E-1	2,187146440E-1
5,090000000E0	4,846355262E-1	2,159957760E-1
5,100000000E0	4,812284829E-1	2,128218400E-1
5,110000000E0	4,774430775E-1	2,089247718E-1
5,120000000E0	4,734745476E-1	2,047524829E-1
5,130000000E0	4,689091997E-1	2,008430245E-1
5,140000000E0	4,638891182E-1	1,959608535E-1
5,150000000E0	4,587481104E-1	1,907577571E-1
5,160000000E0	4,529839489E-1	1,859430364E-1
5,170000000E0	4,471618166E-1	1,805428367E-1
5,180000000E0	4,404266032E-1	1,748934396E-1
5,190000000E0	4,333907801E-1	1,690669307E-1
5,200000000E0	4,260094176E-1	1,625471138E-1
5,210000000E0	4,179622867E-1	1,563598575E-1
5,220000000E0	4,099764033E-1	1,510812046E-1
5,230000000E0	4,017127078E-1	1,440393237E-1
5,240000000E0	3,924319073E-1	1,367971435E-1
5,250000000E0	3,824050869E-1	1,297661636E-1
5,260000000E0	3,727662487E-1	1,228116765E-1
5,270000000E0	3,626088112E-1	1,156183748E-1
5,280000000E0	3,518374183E-1	1,086630389E-1
5,290000000E0	3,410275433E-1	1,017967791E-1
5,300000000E0	3,293178761E-1	9,473199817E-2
5,310000000E0	3,172544527E-1	8,794090503E-2
5,320000000E0	3,048154225E-1	8,121636819E-2
5,330000000E0	2,920833533E-1	7,465963609E-2
5,340000000E0	2,786146910E-1	6,785578453E-2
5,350000000E0	2,648459243E-1	6,189415187E-2
5,360000000E0	2,506407601E-1	5,588061240E-2
5,370000000E0	2,360730808E-1	5,015288931E-2
5,380000000E0	2,213464174E-1	4,490384759E-2
5,390000000E0	2,061112570E-1	3,947018853E-2
5,400000000E0	1,902211767E-1	3,488498047E-2
5,410000000E0	1,745342016E-1	3,069732393E-2
5,420000000E0	1,582576815E-1	2,654848207E-2
5,430000000E0	1,420318877E-1	2,268310982E-2
5,440000000E0	1,252817702E-1	1,975928972E-2
5,450000000E0	1,094027646E-1	1,755423268E-2
5,460000000E0	9,234546963E-2	1,535332305E-2
5,470000000E0	7,478683322E-2	1,263246359E-2
5,480000000E0	5,749944910E-2	1,133570190E-2
5,490000000E0	4,016112089E-2	1,060601152E-2
5,500000000E0	2,295437807E-2	1,002396790E-2
5,510000000E0	5,737913900E-3	1,021668928E-2
5,520000000E0	-1,172571961E-2	9,879721949E-3
5,530000000E0	-2,941625421E-2	1,062318348E-2
5,540000000E0	-4,674323668E-2	1,150980727E-2
5,550000000E0	-6,390473725E-2	1,260493936E-2
5,560000000E0	-8,174016563E-2	1,422907437E-2
5,570000000E0	-9,836445642E-2	1,654493657E-2
5,580000000E0	-1,144812922E-1	1,848520907E-2
5,590000000E0	-1,319581320E-1	2,078055030E-2
5,600000000E0	-1,485979757E-1	2,369679752E-2
5,610000000E0	-1,643535616E-1	2,683554300E-2
5,620000000E0	-1,797519580E-1	3,056593536E-2
5,630000000E0	-1,950244150E-1	3,376027222E-2
5,640000000E0	-2,108997172E-1	3,782996180E-2
5,650000000E0	-2,261703609E-1	4,227740129E-2
5,660000000E0	-2,407390245E-1	4,683164508E-2
5,670000000E0	-2,554129780E-1	5,192631147E-2
5,680000000E0	-2,700435204E-1	5,735696610E-2
5,690000000E0	-2,839026722E-1	6,313322721E-2
5,700000000E0	-2,971705611E-1	6,892651114E-2
5,710000000E0	-3,097645274E-1	7,471812663E-2
5,720000000E0	-3,223999454E-1	8,062686651E-2
5,730000000E0	-3,349205818E-1	8,711420738E-2
5,740000000E0	-3,464121937E-1	9,340982113E-2
5,750000000E0	-3,575111864E-1	1,001075143E-1
5,760000000E0	-3,683268836E-1	1,069636179E-1
5,770000000E0	-3,783120658E-1	1,132045862E-1
5,780000000E0	-3,883801645E-1	1,199310058E-1
5,790000000E0	-3,977298876E-1	1,267762606E-1
5,800000000E0	-4,057728601E-1	1,328281793E-1
5,810000000E0	-4,142943608E-1	1,394031333E-1
5,820000000E0	-4,215994638E-1	1,454413141E-1
5,830000000E0	-4,283753932E-1	1,514099131E-1
5,840000000E0	-4,351585072E-1	1,571224506E-1
5,850000000E0	-4,420149596E-1	1,632976075E-1
5,860000000E0	-4,479762065E-1	1,687004174E-1
5,870000000E0	-4,526679848E-1	1,736365115E-1
5,880000000E0	-4,576734898E-1	1,788015732E-1
5,890000000E0	-4,619242060E-1	1,833702774E-1
5,900000000E0	-4,658687817E-1	1,875946120E-1
5,910000000E0	-4,693241896E-1	1,913205815E-1
5,920000000E0	-4,720371277E-1	1,947353228E-1
5,930000000E0	-4,746841470E-1	1,978371329E-1
5,940000000E0	-4,768996014E-1	2,005199315E-1
5,950000000E0	-4,789789165E-1	2,030009475E-1
5,960000000E0	-4,803481327E-1	2,046724057E-1
5,970000000E0	-4,816592437E-1	2,063808741E-1
5,980000000E0	-4,823984213E-1	2,073226864E-1
5,990000000E0	-4,831235636E-1	2,082530169E-1
6,000000000E0	-4,831451123E-1	2,086598341E-1
6,010000000E0	-4,830629418E-1	2,086550306E-1
6,020000000E0	-4,819406540E-1	2,075367809E-1
6,030000000E0	-4,807016268E-1	2,060989559E-1
6,040000000E0	-4,791806487E-1	2,045478119E-1
6,050000000E0	-4,775942147E-1	2,027198496E-1
6,060000000E0	-4,753243687E-1	2,002040171E-1
6,070000000E0	-4,727163839E-1	1,977686278E-1
6,080000000E0	-4,701941315E-1	1,946216398E-1
6,090000000E0	-4,663945770E-1	1,905704207E-1
6,100000000E0	-4,624666240E-1	1,864824994E-1
6,110000000E0	-4,581527051E-1	1,821734890E-1
6,120000000E0	-4,536427560E-1	1,777435068E-1
6,130000000E0	-4,483818769E-1	1,723694516E-1
6,140000000E0	-4,432118035E-1	1,677052109E-1
6,150000000E0	-4,369662374E-1	1,618552986E-1
6,160000000E0	-4,308103513E-1	1,562584468E-1
6,170000000E0	-4,235599171E-1	1,501758973E-1
6,180000000E0	-4,166394709E-1	1,439214781E-1
6,190000000E0	-4,085458456E-1	1,376095816E-1
6,200000000E0	-4,000682251E-1	1,312457025E-1
6,210000000E0	-3,915584594E-1	1,249212896E-1
6,220000000E0	-3,817763035E-1	1,183820779E-1
6,230000000E0	-3,717561181E-1	1,115344207E-1
6,240000000E0	-3,620640789E-1	1,050798016E-1
6,250000000E0	-3,517736123E-1	9,874096415E-2
6,260000000E0	-3,405645952E-1	9,177843121E-2
6,270000000E0	-3,291874218E-1	8,582087327E-2
6,280000000E0	-3,166544830E-1	7,903262865E-2
6,290000000E0	-3,041059864E-1	7,310796082E-2
6,300000000E0	-2,915165276E-1	6,727837953E-2
6,310000000E0	-2,784731482E-1	6,170684705E-2
6,320000000E0	-2,645329640E-1	5,596939372E-2
6,330000000E0	-2,502474020E-1	5,066186121E-2
6,340000000E0	-2,361112050E-1	4,574398200E-2
6,350000000E0	-2,212515693E-1	4,104645677E-2
6,360000000E0	-2,063100959E-1	3,655810406E-2
6,370000000E0	-1,904855781E-1	3,242018234E-2
6,380000000E0	-1,753487511E-1	2,895305023E-2
6,390000000E0	-1,596963790E-1	2,543303899E-2
6,400000000E0	-1,439773541E-1	2,238258246E-2
6,410000000E0	-1,275366112E-1	1,967046350E-2
6,420000000E0	-1,102388814E-1	1,800711555E-2
6,430000000E0	-9,459516352E-2	1,626529447E-2
6,440000000E0	-7,821021484E-2	1,402335198E-2
6,450000000E0	-6,111504197E-2	1,263520734E-2
6,460000000E0	-4,417223854E-2	1,144755112E-2
6,470000000E0	-2,782306296E-2	1,098247245E-2
6,480000000E0	-1,084689662E-2	1,073146547E-2
6,490000000E0	5,706298398E-3	1,087977701E-2
6,500000000E0	2,226256159E-2	1,100805497E-2
6,510000000E0	3,885253713E-2	1,121015594E-2
6,520000000E0	5,508981755E-2	1,240022913E-2
6,530000000E0	7,164728762E-2	1,359766631E-2
6,540000000E0	8,840281825E-2	1,545039286E-2
6,550000000E0	1,048988123E-1	1,817187420E-2
6,560000000E0	1,198961896E-1	2,047950045E-2
6,570000000E0	1,359964446E-1	2,307585325E-2
6,580000000E0	1,517138490E-1	2,600699009E-2
6,590000000E0	1,669525444E-1	2,956771216E-2
6,600000000E0	1,818023191E-1	3,358147389E-2
6,610000000E0	1,963812013E-1	3,751523635E-2
6,620000000E0	2,112679916E-1	4,214256377E-2
6,630000000E0	2,254557059E-1	4,669065414E-2
6,640000000E0	2,390225410E-1	5,177880732E-2
6,650000000E0	2,524080896E-1	5,720442329E-2
6,660000000E0	2,653237782E-1	6,227235867E-2
6,670000000E0	2,781035336E-1	6,781776044E-2
6,680000000E0	2,905872628E-1	7,351567378E-2
6,690000000E0	3,020462534E-1	7,931675810E-2
6,700000000E0	3,134312835E-1	8,496482367E-2
6,710000000E0	3,244412685E-1	9,080864698E-2
6,720000000E0	3,355147534E-1	9,677875490E-2
6,730000000E0	3,457631424E-1	1,029089396E-1
6,740000000E0	3,556221271E-1	1,086293367E-1
6,750000000E0	3,646629253E-1	1,144151643E-1
6,760000000E0	3,735626344E-1	1,202806450E-1
6,770000000E0	3,821596758E-1	1,258839024E-1
6,780000000E0	3,907166949E-1	1,320370347E-1
6,790000000E0	3,984103650E-1	1,379119016E-1
6,800000000E0	4,053196409E-1	1,438249183E-1
6,810000000E0	4,119297350E-1	1,497085031E-1
6,820000000E0	4,183343348E-1	1,536413159E-1
6,830000000E0	4,242465347E-1	1,581421896E-1
6,840000000E0	4,299899153E-1	1,625682302E-1
6,850000000E0	4,351200863E-1	1,670497974E-1
6,860000000E0	4,398119227E-1	1,708973803E-1
6,870000000E0	4,442856152E-1	1,749037856E-1
6,880000000E0	4,486108799E-1	1,783019867E-1
6,890000000E0	4,517777567E-1	1,818731923E-1
6,900000000E0	4,549148781E-1	1,848596797E-1
6,910000000E0	4,574070458E-1	1,875329565E-1
6,920000000E0	4,601159408E-1	1,894865242E-1
6,930000000E0	4,616009428E-1	1,916867729E-1
6,940000000E0	4,630399382E-1	1,932139289E-1
6,950000000E0	4,642480049E-1	1,945696278E-1
6,960000000E0	4,654685977E-1	1,949448448E-1
6,970000000E0	4,656588580E-1	1,957826900E-1
6,980000000E0	4,657657713E-1	1,960245114E-1
6,990000000E0	4,656501483E-1	1,959764418E-1
7,000000000E0	4,654269632E-1	1,948826760E-1
7,010000000E0	4,642547663E-1	1,944404366E-1
7,020000000E0	4,628501612E-1	1,930951101E-1
7,030000000E0	4,615138642E-1	1,909894116E-1
7,040000000E0	4,588496121E-1	1,890614515E-1
7,050000000E0	4,566213985E-1	1,862607633E-1
7,060000000E0	4,537423219E-1	1,836943340E-1
7,070000000E0	4,502034181E-1	1,806113431E-1
7,080000000E0	4,460780032E-1	1,775122688E-1
7,090000000E0	4,418984528E-1	1,735777673E-1
7,100000000E0	4,375810663E-1	1,694373687E-1
7,110000000E0	4,328329356E-1	1,650715544E-1
7,120000000E0	4,275302362E-1	1,607242758E-1
7,130000000E0	4,218653774E-1	1,562763165E-1
7,140000000E0	4,156067496E-1	1,521522849E-1
7,150000000E0	4,091339450E-1	1,467859750E-1
7,160000000E0	4,026010673E-1	1,414317209E-1
7,170000000E0	3,950312497E-1	1,353782138E-1
7,180000000E0	3,867313433E-1	1,291862546E-1
7,190000000E0	3,784365162E-1	1,237536015E-1
7,200000000E0	3,697392296E-1	1,180438512E-1
7,210000000E0	3,606332897E-1	1,122707707E-1
7,220000000E0	3,515347285E-1	1,064751696E-1
7,230000000E0	3,415085991E-1	1,005242904E-1
7,240000000E0	3,310280130E-1	9,448337234E-2
7,250000000E0	3,203316472E-1	8,877715535E-2
7,260000000E0	3,091108653E-1	8,306517433E-2
7,270000000E0	2,977913646E-1	7,744197712E-2
7,280000000E0	2,859669490E-1	7,134898452E-2
7,290000000E0	2,735798890E-1	6,607925911E-2
7,300000000E0	2,608414926E-1	6,051662305E-2
7,310000000E0	2,475986786E-1	5,528826547E-2
7,320000000E0	2,344942273E-1	5,040090556E-2
7,330000000E0	2,209024507E-1	4,546812671E-2
7,340000000E0	2,069733547E-1	4,076011922E-2
7,350000000E0	1,921017752E-1	3,653193088E-2
7,360000000E0	1,778402641E-1	3,253460087E-2
7,370000000E0	1,633790126E-1	2,918521871E-2
7,380000000E0	1,480852732E-1	2,552928488E-2
7,390000000E0	1,324859305E-1	2,252135303E-2
7,400000000E0	1,169653307E-1	2,045111838E-2
7,410000000E0	1,020268317E-1	1,832304235E-2
7,420000000E0	8,580999042E-2	1,561963550E-2
7,430000000E0	6,927503662E-2	1,382889380E-2
7,440000000E0	5,335386548E-2	1,263389329E-2
7,450000000E0	3,759648587E-2	1,217262574E-2
7,460000000E0	2,177687694E-2	1,134424968E-2
7,470000000E0	5,788449597E-3	1,152088258E-2
7,480000000E0	-1,027352194E-2	1,114542582E-2
7,490000000E0	-2,652653449E-2	1,151300690E-2
7,500000000E0	-4,256387997E-2	1,244742081E-2
7,510000000E0	-5,853988089E-2	1,348804664E-2
7,520000000E0	-7,501773166E-2	1,472430051E-2
7,530000000E0	-9,059327936E-2	1,677479095E-2
7,540000000E0	-1,058958466E-1	1,886136235E-2
7,550000000E0	-1,211910945E-1	2,027053965E-2
7,560000000E0	-1,375457543E-1	2,236746507E-2
7,570000000E0	-1,528366981E-1	2,513664433E-2
7,580000000E0	-1,674711292E-1	2,826869824E-2
7,590000000E0	-1,821950517E-1	3,202917679E-2
7,600000000E0	-1,964523011E-1	3,524843015E-2
7,610000000E0	-2,108293081E-1	3,940104853E-2
7,620000000E0	-2,245089234E-1	4,362678228E-2
7,630000000E0	-2,376622768E-1	4,776609418E-2
7,640000000E0	-2,507960377E-1	5,207348821E-2
7,650000000E0	-2,640244391E-1	5,656156393E-2
7,660000000E0	-2,769533684E-1	6,183133862E-2
7,670000000E0	-2,885012912E-1	6,667506392E-2
7,680000000E0	-3,002292693E-1	7,188229863E-2
7,690000000E0	-3,118620477E-1	7,731385787E-2
7,700000000E0	-3,234120559E-1	8,279286139E-2
7,710000000E0	-3,343011052E-1	8,853063325E-2
7,720000000E0	-3,447707117E-1	9,412730755E-2
7,730000000E0	-3,544225546E-1	9,986089960E-2
7,740000000E0	-3,634317466E-1	1,054297745E-1
7,750000000E0	-3,723794759E-1	1,112507054E-1
7,760000000E0	-3,811105269E-1	1,169793516E-1
7,770000000E0	-3,890992084E-1	1,223180255E-1
7,780000000E0	-3,969216025E-1	1,282127443E-1
7,790000000E0	-4,030939175E-1	1,327708807E-1
7,800000000E0	-4,098310926E-1	1,380798589E-1
7,810000000E0	-4,157778475E-1	1,426364996E-1
7,820000000E0	-4,212599251E-1	1,470591738E-1
7,830000000E0	-4,264849954E-1	1,515765459E-1
7,840000000E0	-4,312858816E-1	1,553395076E-1
7,850000000E0	-4,360678327E-1	1,595586671E-1
7,860000000E0	-4,405793903E-1	1,633873985E-1
7,870000000E0	-4,436592465E-1	1,665259587E-1
7,880000000E0	-4,466082411E-1	1,692972857E-1
7,890000000E0	-4,493797496E-1	1,720495601E-1
7,900000000E0	-4,510462548E-1	1,739417026E-1
7,910000000E0	-4,533710699E-1	1,762785808E-1
7,920000000E0	-4,547728953E-1	1,778326830E-1
7,930000000E0	-4,558099169E-1	1,791984949E-1
7,940000000E0	-4,566523798E-1	1,799858388E-1
7,950000000E0	-4,567201676E-1	1,804842698E-1
7,960000000E0	-4,565316767E-1	1,805721554E-1
7,970000000E0	-4,563356856E-1	1,805158394E-1
7,980000000E0	-4,551375989E-1	1,793862311E-1
7,990000000E0	-4,537815869E-1	1,780849154E-1
8,000000000E0	-4,521937153E-1	1,765097778E-1
8,010000000E0	-4,504875362E-1	1,749589605E-1
8,020000000E0	-4,478702060E-1	1,723554564E-1
8,030000000E0	-4,450421415E-1	1,696409603E-1
8,040000000E0	-4,421091030E-1	1,665442740E-1
8,050000000E0	-4,382548692E-1	1,634597543E-1
8,060000000E0	-4,340002152E-1	1,595089529E-1
8,070000000E0	-4,295621301E-1	1,554599572E-1
8,080000000E0	-4,248707946E-1	1,511971080E-1
8,090000000E0	-4,196857982E-1	1,467192456E-1
8,100000000E0	-4,140800470E-1	1,423915774E-1
8,110000000E0	-4,076388733E-1	1,370314772E-1
8,120000000E0	-4,013330352E-1	1,324563199E-1
8,130000000E0	-3,943087746E-1	1,270716239E-1
8,140000000E0	-3,868274953E-1	1,217694932E-1
8,150000000E0	-3,788330997E-1	1,159122472E-1
8,160000000E0	-3,703963541E-1	1,101478084E-1
8,170000000E0	-3,617083935E-1	1,044926977E-1
8,180000000E0	-3,524011296E-1	9,876735040E-2
8,190000000E0	-3,430325530E-1	9,323690095E-2
8,200000000E0	-3,329020915E-1	8,783866955E-2
8,210000000E0	-3,222265125E-1	8,195976042E-2
8,220000000E0	-3,111042769E-1	7,644014645E-2
8,230000000E0	-2,998673948E-1	7,139970757E-2
8,240000000E0	-2,882811044E-1	6,622518814E-2
8,250000000E0	-2,760529578E-1	6,077379892E-2
8,260000000E0	-2,639005567E-1	5,627311815E-2
8,270000000E0	-2,507381696E-1	5,099896667E-2
8,280000000E0	-2,375952179E-1	4,651918832E-2
8,290000000E0	-2,245168268E-1	4,251840165E-2
8,300000000E0	-2,108213871E-1	3,817244459E-2
8,310000000E0	-1,966792797E-1	3,427265678E-2
8,320000000E0	-1,826093908E-1	3,083631073E-2
8,330000000E0	-1,683691950E-1	2,778001125E-2
8,340000000E0	-1,541196427E-1	2,498933887E-2
8,350000000E0	-1,395847899E-1	2,233290715E-2
8,360000000E0	-1,245276334E-1	1,991644840E-2
8,370000000E0	-1,087597539E-1	1,832099456E-2
8,380000000E0	-9,364599081E-2	1,666354276E-2
8,390000000E0	-7,911934209E-2	1,462159927E-2
8,400000000E0	-6,375657108E-2	1,282828710E-2
8,410000000E0	-4,818020358E-2	1,217494125E-2
8,420000000E0	-3,267822966E-2	1,121172576E-2
8,430000000E0	-1,724092291E-2	1,096575240E-2
8,440000000E0	-1,625811225E-3	1,101891365E-2
8,450000000E0	1,318447997E-2	1,106860372E-2
8,460000000E0	2,897337644E-2	1,109206824E-2
8,470000000E0	4,410432582E-2	1,170233089E-2
8,480000000E0	5,908050425E-2	1,248657455E-2
8,490000000E0	7,430220022E-2	1,374197699E-2
8,500000000E0	8,975088191E-2	1,544349768E-2
8,510000000E0	1,050556952E-1	1,807539065E-2
8,520000000E0	1,195857285E-1	1,973939951E-2
8,530000000E0	1,340479986E-1	2,224388414E-2
8,540000000E0	1,483194381E-1	2,504112372E-2
8,550000000E0	1,626911556E-1	2,800295056E-2
8,560000000E0	1,763698543E-1	3,133841716E-2
8,570000000E0	1,897808253E-1	3,496840138E-2
8,580000000E0	2,032385140E-1	3,833388828E-2
8,590000000E0	2,165864879E-1	4,239038455E-2
8,600000000E0	2,297207080E-1	4,659013817E-2
8,610000000E0	2,421481168E-1	5,108457471E-2
8,620000000E0	2,540027032E-1	5,600192774E-2
8,630000000E0	2,660242945E-1	6,046732318E-2
8,640000000E0	2,780223758E-1	6,516933873E-2
8,650000000E0	2,890473263E-1	7,023979935E-2
8,660000000E0	2,995246826E-1	7,602081134E-2
8,670000000E0	3,100751007E-1	8,037132999E-2
8,680000000E0	3,199340360E-1	8,554323258E-2
8,690000000E0	3,299122357E-1	9,028919713E-2
8,700000000E0	3,390046615E-1	9,578316024E-2
8,710000000E0	3,484623948E-1	1,002991526E-1
8,720000000E0	3,568856014E-1	1,055056083E-1
8,730000000E0	3,647641343E-1	1,104415529E-1
8,740000000E0	3,712709125E-1	1,152243253E-1
8,750000000E0	3,783893110E-1	1,198083409E-1
8,760000000E0	3,851778367E-1	1,240954434E-1
8,770000000E0	3,915289462E-1	1,289408949E-1
8,780000000E0	3,970717218E-1	1,337783141E-1
8,790000000E0	4,023985276E-1	1,381069457E-1
8,800000000E0	4,074253119E-1	1,420034369E-1
8,810000000E0	4,121537721E-1	1,458171614E-1
8,820000000E0	4,162917495E-1	1,492574710E-1
8,830000000E0	4,200137816E-1	1,517449968E-1
8,840000000E0	4,235052524E-1	1,550868338E-1
8,850000000E0	4,263711237E-1	1,579501162E-1
8,860000000E0	4,290554436E-1	1,604282094E-1
8,870000000E0	4,317836119E-1	1,622751638E-1
8,880000000E0	4,333145516E-1	1,646437353E-1
8,890000000E0	4,347882555E-1	1,662993450E-1
8,900000000E0	4,361037060E-1	1,676150551E-1
8,910000000E0	4,375080025E-1	1,681174956E-1
8,920000000E0	4,375765286E-1	1,692208758E-1
8,930000000E0	4,380371664E-1	1,694927032E-1
8,940000000E0	4,377768565E-1	1,694366375E-1
8,950000000E0	4,374137491E-1	1,691875259E-1
8,960000000E0	4,371219413E-1	1,679724187E-1
8,970000000E0	4,361197643E-1	1,671527564E-1
8,980000000E0	4,342381930E-1	1,657873141E-1
8,990000000E0	4,320990311E-1	1,649628557E-1
9,000000000E0	4,304487127E-1	1,624804033E-1
9,010000000E0	4,275982240E-1	1,607509964E-1
9,020000000E0	4,247726542E-1	1,580410269E-1
9,030000000E0	4,217831208E-1	1,552680996E-1
9,040000000E0	4,179683172E-1	1,526491606E-1
9,050000000E0	4,140734091E-1	1,500989058E-1
9,060000000E0	4,092797741E-1	1,466308526E-1
9,070000000E0	4,048430312E-1	1,423520656E-1
9,080000000E0	3,995430244E-1	1,383569200E-1
9,090000000E0	3,938474118E-1	1,340690342E-1
9,100000000E0	3,875688486E-1	1,292027085E-1
9,110000000E0	3,810396322E-1	1,251987729E-1
9,120000000E0	3,741980140E-1	1,207449537E-1
9,130000000E0	3,672233376E-1	1,159640347E-1
9,140000000E0	3,597404010E-1	1,112617122E-1
9,150000000E0	3,521089460E-1	1,058437965E-1
9,160000000E0	3,439079535E-1	1,010880923E-1
9,170000000E0	3,352833449E-1	9,581547634E-2
9,180000000E0	3,259870240E-1	9,125316334E-2
9,190000000E0	3,169048703E-1	8,590719961E-2
9,200000000E0	3,074254485E-1	8,087408872E-2
9,210000000E0	2,972789354E-1	7,592069072E-2
9,220000000E0	2,866412045E-1	7,037163728E-2
9,230000000E0	2,755869367E-1	6,586197975E-2
9,240000000E0	2,640366045E-1	6,068355608E-2
9,250000000E0	2,525309916E-1	5,614921532E-2
9,260000000E0	2,409445651E-1	5,145464697E-2
9,270000000E0	2,287175422E-1	4,701673355E-2
9,280000000E0	2,160169438E-1	4,233387485E-2
9,290000000E0	2,031062347E-1	3,806299812E-2
9,300000000E0	1,902181146E-1	3,420554887E-2
9,310000000E0	1,770241512E-1	3,068562919E-2
9,320000000E0	1,637160265E-1	2,716181736E-2
9,330000000E0	1,496944702E-1	2,389875187E-2
9,340000000E0	1,355577426E-1	2,110238314E-2
9,350000000E0	1,214349734E-1	1,888178815E-2
9,360000000E0	1,075311835E-1	1,675672609E-2
9,370000000E0	9,248206020E-2	1,414759529E-2
9,380000000E0	7,764538958E-2	1,212762807E-2
9,390000000E0	6,292480241E-2	1,078807538E-2
9,400000000E0	4,819773400E-2	9,718871703E-3
9,410000000E0	3,368132298E-2	8,561804578E-3
9,420000000E0	1,893252176E-2	8,204732875E-3
9,430000000E0	4,280527531E-3	8,240228446E-3
9,440000000E0	-1,038175345E-2	8,065729597E-3
9,450000000E0	-2,521505724E-2	8,368123178E-3
9,460000000E0	-3,967866043E-2	8,529128373E-3
9,470000000E0	-5,481743452E-2	9,534981896E-3
9,480000000E0	-6,961115299E-2	1,074468868E-2
9,490000000E0	-8,424013304E-2	1,221114773E-2
9,500000000E0	-9,771911372E-2	1,446976413E-2
9,510000000E0	-1,120637323E-1	1,597231609E-2
9,520000000E0	-1,273949330E-1	1,713166422E-2
9,530000000E0	-1,415090887E-1	1,954908445E-2
9,540000000E0	-1,554039200E-1	2,223168006E-2
9,550000000E0	-1,686124705E-1	2,516070267E-2
9,560000000E0	-1,822544580E-1	2,820975571E-2
9,570000000E0	-1,951578278E-1	3,134712182E-2p